Slapstick.png
30 58
default value for the font
0 0 4 0 4
Upper case letters
65 0 34 0 45
66 50 86 0 45
67 103 136 0 45
68 152 188 0 45
69 205 236 0 45
70 254 286 0 45
71 302 339 0 45
72 358 390 0 45
73 410 423 0 45
74 443 474 0 45
75 494 528 0 45
76 543 572 0 45
77 589 629 0 45
78 0 34 74 117
79 54 93 74 117
80 110 143 74 117
81 158 202 74 117
82 216 250 74 117
83 269 304 74 117
84 321 353 74 117
85 371 407 74 117
86 424 460 74 117
87 476 520 74 117
88 534 573 74 117
89 589 619 74 117
90 0 39 144 189
Lower case letters (the same than uppercase here)
97 0 34 0 45
98 50 86 0 45
99 103 136 0 45
100 152 188 0 45
101 205 236 0 45
102 254 286 0 45
103 302 339 0 45
104 358 390 0 45
105 410 423 0 45
106 443 474 0 45
107 494 528 0 45
108 543 572 0 45
109 589 629 0 45
110 0 34 74 117
111 54 93 74 117
112 110 143 74 117
113 158 202 74 117
114 216 250 74 117
115 269 304 74 117
116 321 353 74 117
117 371 407 74 117
118 424 460 74 117
119 476 520 74 117
120 534 573 74 117
121 589 619 74 117
122 0 39 144 189
Numbers
48 54 86 144 189
49 105 126 144 189
50 146 181 144 189
51 199 232 144 189
52 252 284 144 189
53 302 338 144 189
54 356 387 144 189
55 405 436 144 189
56 452 485 144 189
57 504 535 144 189
Parenthesis
40 4 32 212 265
41 58 82 212 265
Multiply
42 190 216 212 265
Plus
43 105 127 212 265
Minus
45 148 170 212 265
Divide
47 232 257 212 265
é
201 273 304 204 265
233 273 304 204 265
è
200 322 353 204 265
232 322 353 204 265
ù
217 371 407 204 265
249 371 407 204 265
à
192 425 459 204 265
224 425 459 204 265
< and >
60 239 248 212 265
62 501 523 212 265
= symbol
61 529 552 212 265
\ symbol
92 556 581 212 265
& symbol
64 5 39 289 332
" and '
34 47 64 289 332
39 85 94 289 332
underscore
95 111 134 289 332
°
186 157 172 289 332
{ and }
123 192 215 289 332
125 235 258 289 332
,
44 280 289 289 336
!
33 385 396 289 332
: ;
58 354 363 289 332
59 316 326 289 336
#
35 423 455 289 332
?
63 461 497 289 332
.
46 523 532 289 332
$
36 599 634 289 332
